0000100000010100000101000010001000111110001000100100000101000001
0111100001000100010001000111100001000100010000100100001001111100
0011100001000100100000001000000010000000100000000100010000111000
0111100001000100010000100100001001000010010000100100010001111000
0111110001000000010000000111110001000000010000000100000001111100
0111110001000000010000000111110001000000010000000100000001000000
0001110000100010010000000100000001001110010000100010001000011100
0100001001000010010000100111111001000010010000100100001001000010
0100000001000000010000000100000001000000010000000100000001000000
0000010000000100000001000000010000000100010001000100100000110000
0100001001000100010010000101000001101000010001000100001001000001
0100000001000000010000000100000001000000010000000100000001111100
0100000101100011010101010101010101001001010000010100000101000001
0100001001100010010100100101001001001010010010100100011001000010
0011110001000010010000100100001001000010010000100100001000111100
0111100001000100010001000100010001111000010000000100000001000000
0011110001000010010000100100001001000010010001100011111000000001
0111100001000100010001000100100001110000010010000100100001000100
0011100001000100010000000011100000000100010001000100010000111000
0111110000010000000100000001000000010000000100000001000000010000
0100001001000010010000100100001001000010010000100100001000111100
0100000101000001010000010010001000100010000101000001010000001000
0000000010000010100000101001001010010010010101000101010000101000
0100010001000100001010000001000000010000001010000100010001000100
0100010001000100010001000011100000010000000100000001000000010000
0111110000001000000010000001000000010000001000000010000001111100
0000100000000000000111000001010000110110001111100100000101000001
0001010000000000000010000001010000100010001111100100000101000001
0011100001000100010001000100010001000100010001000100010000111000
0001000000110000011100000001000000010000000100000001000000010000
0011100001000100000001000000100000010000001000000110000001111100
0011100001000100000001000000100000011000000001000100010000111000
0001000000100000001010000100100001001000011111000000100000001000
0111100001000000010000000111100000000100000001000110110000111000
0001100000100000001000000100000001011000011001000100010000111000
0111111000000100000001000000100000111100000010000001000000010000
0011100001000100010001000011100001000100010001000100010000111000
0011100001000100010001000011110000000100000001000100010000111000

